 H1 V P1 Pl PKa NCI
A 0.62 27.5 8.1 6 2.34 0.007187
C 0.29 44.6 5.5 5.07 1.96 -0.03661
D -0.9 40 13 2.77 1.88 -0.02382
E -0.74 62 12.3 3.22 2.19 0.006802
F 1.19 115.5 5.2 5.48 1.83 0.037552
G 0.48 0 9 5.97 2.34 0.179052
H -0.4 79 10.4 7.59 1.82 -0.01069
I 1.38 93.5 5.2 6.02 2.36 0.021631
K -1.5 100 11.3 9.74 2.18 0.017708
L 1.06 93.5 4.9 5.98 2.36 0.051672
M 0.64 94.1 5.7 5.74 2.28 0.002683
N -0.78 58.7 11.6 5.41 2.02 0.005392
P 0.12 41.9 8 6.3 1.99 0.239531
Q -0.85 80.7 10.5 5.65 2.17 0.049211
R -2.53 105 10.5 10.76 2.17 0.043587
S -0.18 29.3 9.2 5.68 2.21 0.004627
T -0.05 51.3 8.6 5.6 2.09 0.003352
V 1.08 71.5 5.9 5.96 2.32 0.057004
W 0.81 145.5 5.4 5.89 2.83 0.037977
Y 0.26 117.3 6.2 5.66 2.2 0.023599
